0
0.122410675199216
0.242980179903264
0.359895036534988
0.471396736825998
0.575808191417845
0.671558954847018
0.757208846506485
0.831469612302545
0.893224301195515
0.941544065183021
0.975702130038529
0.995184726672197
0.999698818696204
0.989176509964781
0.963776065795440
0.923879532511287
0.870086991108712
0.803207531480645
0.724247082951467
0.634393284163646
0.534997619887097
0.427555093430282
0.313681740398892
0.195090322016128
0.0735645635996673
-0.0490676743274182
-0.170961888760301
-0.290284677254462
-0.405241314004990
-0.514102744193222
-0.615231590580627
-0.707106781186548
-0.788346427626606
-0.857728610000272
-0.914209755703531
-0.956940335732209
-0.985277642388941
-0.998795456205172
-0.997290456678690
-0.980785280403230
-0.949528180593037
-0.903989293123443
-0.844853565249707
-0.773010453362737
-0.689540544737067
-0.595699304492434
-0.492898192229784
-0.382683432365090
-0.266712757474898
-0.146730474455362
-0.0245412285229124
0.0980171403295609
0.219101240156870
0.336889853392220
0.449611329654607
0.555570233019602
0.653172842953777
0.740951125354959
0.817584813151584
0.881921264348355
0.932992798834739
0.970031253194544
0.992479534598710
1
0.992479534598710
0.970031253194544
0.932992798834739
0.881921264348355
0.817584813151584
0.740951125354959
0.653172842953777
0.555570233019602
0.449611329654606
0.336889853392219
0.219101240156870
0.0980171403295606
-0.0245412285229127
-0.146730474455361
-0.266712757474900
-0.382683432365090
-0.492898192229783
-0.595699304492433
-0.689540544737068
-0.773010453362737
-0.844853565249707
-0.903989293123443
-0.949528180593037
-0.980785280403231
-0.997290456678690
-0.998795456205172
-0.985277642388941
-0.956940335732209
-0.914209755703530
-0.857728610000272
-0.788346427626606
-0.707106781186547
-0.615231590580628
-0.514102744193221
-0.405241314004990
-0.290284677254462
-0.170961888760302
-0.0490676743274183
0.0735645635996676
0.195090322016129
0.313681740398891
0.427555093430282
0.534997619887096
0.634393284163646
0.724247082951468
0.803207531480645
0.870086991108712
0.923879532511286
0.963776065795440
0.989176509964781
0.999698818696204
0.995184726672197
0.975702130038529
0.941544065183020
0.893224301195515
0.831469612302546
0.757208846506485
0.671558954847020
0.575808191417845
0.471396736825997
0.359895036534988
0.242980179903264
0.122410675199217
-1.16403343982657e-15
-0.122410675199216
-0.242980179903264
-0.359895036534987
-0.471396736825996
-0.575808191417845
-0.671558954847020
-0.757208846506485
-0.831469612302545
-0.893224301195515
-0.941544065183021
-0.975702130038528
-0.995184726672197
-0.999698818696204
-0.989176509964781
-0.963776065795440
-0.923879532511287
-0.870086991108712
-0.803207531480645
-0.724247082951467
-0.634393284163644
-0.534997619887097
-0.427555093430283
-0.313681740398890
-0.195090322016128
-0.0735645635996653
0.0490676743274189
0.170961888760301
0.290284677254461
0.405241314004990
0.514102744193224
0.615231590580628
0.707106781186548
0.788346427626608
0.857728610000271
0.914209755703531
0.956940335732208
0.985277642388941
0.998795456205173
0.997290456678690
0.980785280403230
0.949528180593037
0.903989293123443
0.844853565249705
0.773010453362738
0.689540544737066
0.595699304492434
0.492898192229783
0.382683432365089
0.266712757474899
0.146730474455360
0.0245412285229122
-0.0980171403295594
-0.219101240156871
-0.336889853392220
-0.449611329654608
-0.555570233019600
-0.653172842953776
-0.740951125354960
-0.817584813151584
-0.881921264348356
-0.932992798834738
-0.970031253194544
-0.992479534598710
-1
-0.992479534598710
-0.970031253194544
-0.932992798834739
-0.881921264348354
-0.817584813151585
-0.740951125354959
-0.653172842953778
-0.555570233019601
-0.449611329654604
-0.336889853392222
-0.219101240156869
-0.0980171403295612
0.0245412285229139
0.146730474455362
0.266712757474897
0.382683432365091
0.492898192229784
0.595699304492432
0.689540544737068
0.773010453362737
0.844853565249708
0.903989293123442
0.949528180593037
0.980785280403231
0.997290456678690
0.998795456205172
0.985277642388942
0.956940335732209
0.914209755703530
0.857728610000272
0.788346427626607
0.707106781186549
0.615231590580627
0.514102744193220
0.405241314004992
0.290284677254462
0.170961888760303
0.0490676743274172
-0.0735645635996705
-0.195090322016127
-0.313681740398892
-0.427555093430281
-0.534997619887098
-0.634393284163648
-0.724247082951466
-0.803207531480646
-0.870086991108711
-0.923879532511286
-0.963776065795440
-0.989176509964781
-0.999698818696204
-0.995184726672197
-0.975702130038529
-0.941544065183020
-0.893224301195515
-0.831469612302544
-0.757208846506486
-0.671558954847019
-0.575808191417844
-0.471396736825997
-0.359895036534986
-0.242980179903266
-0.122410675199216
2.32806687965315e-15
0.122410675199217
0.242980179903264
0.359895036534987
0.471396736825998
0.575808191417845
0.671558954847017
0.757208846506487
0.831469612302543
0.893224301195516
0.941544065183021
0.975702130038528
0.995184726672197
0.999698818696204
0.989176509964781
0.963776065795440
0.923879532511287
0.870086991108713
0.803207531480647
0.724247082951465
0.634393284163645
0.534997619887098
0.427555093430284
0.313681740398894
0.195090322016125
0.0735645635996659
-0.0490676743274183
-0.170961888760300
-0.290284677254460
-0.405241314004993
-0.514102744193224
-0.615231590580628
-0.707106781186547
-0.788346427626605
-0.857728610000271
-0.914209755703532
-0.956940335732209
-0.985277642388941
-0.998795456205172
-0.997290456678690
-0.980785280403230
-0.949528180593036
-0.903989293123443
-0.844853565249707
-0.773010453362738
-0.689540544737064
-0.595699304492431
-0.492898192229783
-0.382683432365090
-0.266712757474900
-0.146730474455357
-0.0245412285229163
0.0980171403295623
0.219101240156870
0.336889853392219
0.449611329654611
0.555570233019599
0.653172842953779
0.740951125354960
0.817584813151584
0.881921264348358
0.932992798834738
0.970031253194545
0.992479534598710
1
0.992479534598710
0.970031253194543
0.932992798834740
0.881921264348357
0.817584813151583
0.740951125354959
0.653172842953773
0.555570233019605
0.449611329654611
0.336889853392219
0.219101240156870
0.0980171403295548
-0.0245412285229097
-0.146730474455358
-0.266712757474900
-0.382683432365090
-0.492898192229790
-0.595699304492432
-0.689540544737065
-0.773010453362739
-0.844853565249708
-0.903989293123446
-0.949528180593036
-0.980785280403230
-0.997290456678690
-0.998795456205172
-0.985277642388941
-0.956940335732209
-0.914209755703532
-0.857728610000270
-0.788346427626605
-0.707106781186547
-0.615231590580627
-0.514102744193223
-0.405241314004993
-0.290284677254460
-0.170961888760300
-0.0490676743274178
0.0735645635996663
0.195090322016126
0.313681740398895
0.427555093430284
0.534997619887092
0.634393284163645
0.724247082951466
0.803207531480647
0.870086991108713
0.923879532511285
0.963776065795440
0.989176509964781
0.999698818696204
0.995184726672197
0.975702130038530
0.941544065183021
0.893224301195516
0.831469612302543
0.757208846506482
0.671558954847022
0.575808191417844
0.471396736825998
0.359895036534990
0.242980179903260
0.122410675199220
-1.71574348007947e-15
-0.122410675199217
-0.242980179903263
-0.359895036534993
-0.471396736825995
-0.575808191417841
-0.671558954847019
-0.757208846506484
-0.831469612302548
-0.893224301195514
-0.941544065183019
-0.975702130038529
-0.995184726672197
-0.999698818696204
-0.989176509964781
-0.963776065795441
-0.923879532511286
-0.870086991108711
-0.803207531480641
-0.724247082951468
-0.634393284163648
-0.534997619887095
-0.427555093430281
-0.313681740398885
-0.195090322016130
-0.0735645635996700
0.0490676743274212
0.170961888760303
0.290284677254463
0.405241314004989
0.514102744193220
0.615231590580630
0.707106781186549
0.788346427626607
0.857728610000272
0.914209755703530
0.956940335732208
0.985277642388942
0.998795456205173
0.997290456678691
0.980785280403231
0.949528180593037
0.903989293123442
0.844853565249706
0.773010453362741
0.689540544737067
0.595699304492435
0.492898192229780
0.382683432365087
0.266712757474904
0.146730474455362
0.0245412285229134
-0.0980171403295653
-0.219101240156873
-0.336889853392215
-0.449611329654607
-0.555570233019602
-0.653172842953781
-0.740951125354962
-0.817584813151581
-0.881921264348356
-0.932992798834739
-0.970031253194544
-0.992479534598711
-1
-0.992479534598710
-0.970031253194544
-0.932992798834739
-0.881921264348353
-0.817584813151586
-0.740951125354962
-0.653172842953776
-0.555570233019602
-0.449611329654602
-0.336889853392223
-0.219101240156874
-0.0980171403295589
0.0245412285229127
0.146730474455368
0.266712757474896
0.382683432365087
0.492898192229786
0.595699304492434
0.689540544737072
0.773010453362736
0.844853565249706
0.903989293123445
0.949528180593037
0.980785280403232
0.997290456678690
0.998795456205173
0.985277642388941
0.956940335732208
0.914209755703530
0.857728610000272
0.788346427626607
0.707106781186550
0.615231590580625
0.514102744193221
0.405241314004990
0.290284677254464
0.170961888760304
0.0490676743274149
-0.0735645635996693
-0.195090322016122
-0.313681740398891
-0.427555093430280
-0.534997619887100
-0.634393284163647
-0.724247082951463
-0.803207531480645
-0.870086991108711
-0.923879532511288
-0.963776065795441
-0.989176509964780
-0.999698818696204
-0.995184726672197
-0.975702130038528
-0.941544065183020
-0.893224301195518
-0.831469612302545
-0.757208846506485
-0.671558954847014
-0.575808191417842
-0.471396736826002
-0.359895036534987
-0.242980179903264
-0.122410675199217
4.65613375930630e-15
0.122410675199212
0.242980179903266
0.359895036534989
0.471396736825997
0.575808191417850
0.671558954847016
0.757208846506482
0.831469612302546
0.893224301195515
0.941544065183020
0.975702130038528
0.995184726672197
0.999698818696204
0.989176509964780
0.963776065795438
0.923879532511290
0.870086991108710
0.803207531480644
0.724247082951466
0.634393284163646
0.534997619887099
0.427555093430285
0.313681740398895
0.195090322016120
0.0735645635996600
-0.0490676743274100
-0.170961888760306
-0.290284677254466
-0.405241314004992
-0.514102744193223
-0.615231590580627
-0.707106781186546
-0.788346427626605
-0.857728610000270
-0.914209755703534
-0.956940335732207
-0.985277642388940
-0.998795456205173
-0.997290456678690
-0.980785280403230
-0.949528180593037
-0.903989293123444
-0.844853565249708
-0.773010453362739
-0.689540544737060
-0.595699304492438
-0.492898192229790
-0.382683432365084
-0.266712757474894
-0.146730474455359
-0.0245412285229105
0.0980171403295611
0.219101240156869
0.336889853392218
0.449611329654616
0.555570233019598
0.653172842953772
0.740951125354964
0.817584813151587
0.881921264348357
0.932992798834740
0.970031253194544
0.992479534598710
1
0.992479534598710
0.970031253194545
0.932992798834741
0.881921264348358
0.817584813151580
0.740951125354955
0.653172842953784
0.555570233019600
0.449611329654605
0.336889853392220
0.219101240156871
0.0980171403295631
-0.0245412285229085
-0.146730474455357
-0.266712757474906
-0.382683432365096
-0.492898192229776
-0.595699304492437
-0.689540544737069
-0.773010453362738
-0.844853565249707
-0.903989293123443
-0.949528180593036
-0.980785280403230
-0.997290456678691
-0.998795456205172
-0.985277642388943
-0.956940335732207
-0.914209755703529
-0.857728610000271
-0.788346427626606
-0.707106781186548
-0.615231590580628
-0.514102744193224
-0.405241314004994
-0.290284677254454
-0.170961888760308
-0.0490676743274261
0.0735645635996722
0.195090322016132
0.313681740398894
0.427555093430283
0.534997619887097
0.634393284163644
0.724247082951465
0.803207531480651
0.870086991108709
0.923879532511284
0.963776065795441
0.989176509964782
0.999698818696204
0.995184726672197
0.975702130038528
0.941544065183021
0.893224301195516
0.831469612302539
0.757208846506488
0.671558954847023
0.575808191417840
0.471396736825993
0.359895036534984
0.242980179903261
0.122410675199214
-4.91096680932118e-16
-0.122410675199215
-0.242980179903262
-0.359895036534985
-0.471396736826006
-0.575808191417840
-0.671558954847013
-0.757208846506488
-0.831469612302540
-0.893224301195517
-0.941544065183021
-0.975702130038529
-0.995184726672197
-0.999698818696204
-0.989176509964780
-0.963776065795441
-0.923879532511289
-0.870086991108708
-0.803207531480650
-0.724247082951464
-0.634393284163643
-0.534997619887108
-0.427555093430282
-0.313681740398893
-0.195090322016117
-0.0735645635996712
0.0490676743274129
0.170961888760309
0.290284677254455
0.405241314004995
0.514102744193225
0.615231590580618
0.707106781186548
0.788346427626606
0.857728610000279
0.914209755703530
0.956940335732208
0.985277642388943
0.998795456205172
0.997290456678690
0.980785280403229
0.949528180593040
0.903989293123442
0.844853565249707
0.773010453362728
0.689540544737068
0.595699304492436
0.492898192229775
0.382683432365095
0.266712757474891
0.146730474455356
0.0245412285229217
-0.0980171403295641
-0.219101240156872
-0.336889853392221
-0.449611329654606
-0.555570233019601
-0.653172842953785
-0.740951125354956
-0.817584813151589
-0.881921264348358
-0.932992798834736
-0.970031253194545
-0.992479534598710
-1
-0.992479534598710
-0.970031253194544
-0.932992798834740
-0.881921264348357
-0.817584813151578
-0.740951125354963
-0.653172842953782
-0.555570233019598
-0.449611329654615
-0.336889853392217
-0.219101240156868
-0.0980171403295602
0.0245412285229114
0.146730474455360
0.266712757474909
0.382683432365085
0.492898192229779
0.595699304492439
0.689540544737061
0.773010453362740
0.844853565249709
0.903989293123438
0.949528180593037
0.980785280403230
0.997290456678691
0.998795456205173
0.985277642388942
0.956940335732207
0.914209755703534
0.857728610000269
0.788346427626604
0.707106781186556
0.615231590580626
0.514102744193222
0.405241314004978
0.290284677254465
0.170961888760305
0.0490676743274090
-0.0735645635996610
-0.195090322016135
-0.313681740398896
-0.427555093430273
-0.534997619887099
-0.634393284163646
-0.724247082951477
-0.803207531480644
-0.870086991108710
-0.923879532511291
-0.963776065795438
-0.989176509964782
-0.999698818696204
-0.995184726672198
-0.975702130038528
-0.941544065183020
-0.893224301195515
-0.831469612302545
-0.757208846506486
-0.671558954847021
-0.575808191417849
-0.471396736825990
-0.359895036534981
-0.242980179903272
-0.122410675199211
3.43148696015894e-15
0.122410675199218
0.242980179903265
0.359895036534988
0.471396736825996
0.575808191417843
0.671558954847026
0.757208846506481
0.831469612302541
0.893224301195518
0.941544065183018
0.975702130038529
0.995184726672197
0.999698818696204
0.989176509964781
0.963776065795440
0.923879532511283
0.870086991108714
0.803207531480649
0.724247082951462
0.634393284163652
0.534997619887094
0.427555093430279
0.313681740398903
0.195090322016128
0.0735645635996683
-0.0490676743274300
-0.170961888760298
-0.290284677254458
-0.405241314004997
-0.514102744193215
-0.615231590580631
-0.707106781186551
-0.788346427626599
-0.857728610000273
-0.914209755703531
-0.956940335732213
-0.985277642388941
-0.998795456205172
-0.997290456678690
-0.980785280403232
-0.949528180593035
-0.903989293123441
-0.844853565249713
-0.773010453362735
-0.689540544737066
-0.595699304492422
-0.492898192229785
-0.382683432365092
-0.266712757474888
-0.146730474455367
-0.0245412285229046
0.0980171403295670
0.219101240156861
0.336889853392224
0.449611329654609
0.555570233019603
0.653172842953777
0.740951125354958
0.817584813151582
0.881921264348353
0.932992798834742
0.970031253194546
0.992479534598709
1
0.992479534598710
0.970031253194543
0.932992798834739
0.881921264348355
0.817584813151585
0.740951125354961
0.653172842953769
0.555570233019607
0.449611329654613
0.336889853392214
0.219101240156879
0.0980171403295572
-0.0245412285229144
-0.146730474455348
-0.266712757474898
-0.382683432365088
-0.492898192229794
-0.595699304492430
-0.689540544737063
-0.773010453362742
-0.844853565249703
-0.903989293123445
-0.949528180593038
-0.980785280403228
-0.997290456678690
-0.998795456205172
-0.985277642388939
-0.956940335732210
-0.914209755703533
-0.857728610000268
-0.788346427626611
-0.707106781186544
-0.615231590580623
-0.514102744193231
-0.405241314004988
-0.290284677254462
-0.170961888760288
-0.0490676743274202
0.0735645635996639
0.195090322016137
0.313681740398886
0.427555093430288
0.534997619887102
0.634393284163638
0.724247082951469
0.803207531480646
0.870086991108719
0.923879532511286
0.963776065795439
0.989176509964783
0.999698818696204
0.995184726672196
0.975702130038527
0.941544065183024
0.893224301195514
0.831469612302544
0.757208846506484
0.671558954847018
0.575808191417846
0.471396736826000
0.359895036534992
0.242980179903255
0.122410675199209
7.83897747581624e-15
-0.122410675199221
-0.242980179903268
-0.359895036534990
-0.471396736825999
-0.575808191417845
-0.671558954847017
-0.757208846506483
-0.831469612302551
-0.893224301195513
-0.941544065183019
-0.975702130038530
-0.995184726672196
-0.999698818696204
-0.989176509964781
-0.963776065795443
-0.923879532511287
-0.870086991108712
-0.803207531480638
-0.724247082951470
-0.634393284163650
-0.534997619887091
-0.427555093430290
-0.313681740398887
-0.195090322016125
-0.0735645635996795
0.0490676743274188
0.170961888760301
0.290284677254474
0.405241314004987
0.514102744193218
0.615231590580634
0.707106781186543
0.788346427626610
0.857728610000274
0.914209755703526
0.956940335732209
0.985277642388941
0.998795456205173
0.997290456678690
0.980785280403231
0.949528180593034
0.903989293123446
0.844853565249703
0.773010453362733
0.689540544737074
0.595699304492431
0.492898192229783
0.382683432365076
0.266712757474899
0.146730474455364
0.0245412285229016
-0.0980171403295558
-0.219101240156878
-0.336889853392226
-0.449611329654599
-0.555570233019606
-0.653172842953779
-0.740951125354960
-0.817584813151584
-0.881921264348355
-0.932992798834738
-0.970031253194543
-0.992479534598711
-1
-0.992479534598711
-0.970031253194543
-0.932992798834738
-0.881921264348354
-0.817584813151583
-0.740951125354959
-0.653172842953778
-0.555570233019604
-0.449611329654597
-0.336889853392225
-0.219101240156876
-0.0980171403295543
0.0245412285229031
0.146730474455365
0.266712757474901
0.382683432365078
0.492898192229784
0.595699304492432
0.689540544737075
0.773010453362734
0.844853565249704
0.903989293123447
0.949528180593034
0.980785280403231
0.997290456678690
0.998795456205173
0.985277642388941
0.956940335732209
0.914209755703526
0.857728610000274
0.788346427626609
0.707106781186542
0.615231590580632
0.514102744193217
0.405241314004986
0.290284677254473
0.170961888760299
0.0490676743274173
-0.0735645635996810
-0.195090322016126
-0.313681740398888
-0.427555093430291
-0.534997619887092
-0.634393284163651
-0.724247082951471
-0.803207531480639
-0.870086991108713
-0.923879532511287
-0.963776065795444
-0.989176509964781
-0.999698818696204
-0.995184726672196
-0.975702130038530
-0.941544065183018
-0.893224301195512
-0.831469612302550
-0.757208846506482
-0.671558954847016
-0.575808191417844
-0.471396736825997
-0.359895036534989
-0.242980179903266
-0.122410675199220