0
0.125414783552924
0.254902652238775
0.386370557839371
0.517601696930369
0.646293260914543
0.770097118916468
0.886662701091242
0.993681286713274
1.08893085332571
1.17032061152804
1.23593433561524
1.28407160386281
1.31328608401955
1.32242003938584
1.31063428820644
1.27743292310456
1.22268218668425
1.14662300264676
1.04987677691575
0.933444208182716
0.798696979576684
0.647362340256579
0.481500724914341
0.303476697678498
0.115923641918435
-0.0782972537973224
-0.276143043510970
-0.474439327000304
-0.669933935155953
-0.859353045767606
-1.03945871668904
-1.20710678118655
-1.35930402819039
-1.49326358882912
-1.60645747028478
-1.69666521849765
-1.76201775198663
-1.80103548903781
-1.81265998836019
-1.79627843725215
-1.75174044927213
-1.67936677296934
-1.57994966176529
-1.45474480974690
-1.30545491595581
-1.13420509767468
-0.943510528134886
-0.736236822958363
-0.515553839556334
-0.284883681860296
-0.0478438165917914
0.191813695504042
0.430265771406159
0.663683540066802
0.888298061688061
1.10046533979542
1.29672944173176
1.47388257358805
1.62902100800324
1.75959583675527
1.86345761326256
1.93889406126226
1.98466015291720
2
1.98466015291720
1.93889406126226
1.86345761326256
1.75959583675527
1.62902100800324
1.47388257358805
1.29672944173176
1.10046533979542
0.888298061688061
0.663683540066800
0.430265771406161
0.191813695504041
-0.0478438165917920
-0.284883681860295
-0.515553839556337
-0.736236822958364
-0.943510528134885
-1.13420509767467
-1.30545491595581
-1.45474480974690
-1.57994966176529
-1.67936677296934
-1.75174044927213
-1.79627843725215
-1.81265998836020
-1.80103548903781
-1.76201775198663
-1.69666521849765
-1.60645747028478
-1.49326358882912
-1.35930402819039
-1.20710678118655
-1.03945871668905
-0.859353045767604
-0.669933935155953
-0.474439327000304
-0.276143043510971
-0.0782972537973227
0.115923641918435
0.303476697678499
0.481500724914340
0.647362340256579
0.798696979576683
0.933444208182717
1.04987677691575
1.14662300264676
1.22268218668425
1.27743292310456
1.31063428820644
1.32242003938584
1.31328608401955
1.28407160386281
1.23593433561524
1.17032061152804
1.08893085332571
0.993681286713275
0.886662701091243
0.770097118916470
0.646293260914543
0.517601696930368
0.386370557839371
0.254902652238775
0.125414783552925
-1.16403343982657e-15
-0.119406566845508
-0.231057707567753
-0.333419515230605
-0.425191776721625
-0.505323121921147
-0.573020790777570
-0.627754991921728
-0.669257937891816
-0.697517749065324
-0.712767518838000
-0.715469924461821
-0.706297849481588
-0.686111553372863
-0.655932980543719
-0.616917843384443
-0.570326141918013
-0.517491795533170
-0.459792060314531
-0.398617388987188
-0.335342360144574
-0.271298260197510
-0.207747846603985
-0.145862755883442
-0.0867039463537587
-0.0312054852808989
0.0198380948575142
0.0657807340096328
0.106130027508620
0.140548692854027
0.168852442618838
0.191004464472210
0.207106781186548
0.217388827062827
0.222193631171426
0.221962041122285
0.217215452966765
0.208537532791255
0.196555423372531
0.181920924997186
0.165292123554313
0.147315911913942
0.128611813277544
0.109757468734122
0.0912760969785770
0.0736261735183254
0.0571935113101919
0.0422858563246812
0.0291300417718159
0.0178716753934621
0.00857726705042698
0.00123864045403345
-0.00422058515507980
-0.00793670890758002
-0.0100961667176386
-0.0109245976211520
-0.0106751262437836
-0.00961624417579750
-0.00801967712186370
-0.00614861829992666
-0.00424669194143900
-0.00252798440691280
-0.00116844512682432
-0.000298916280221039
0
-0.000298916280221039
-0.00116844512682432
-0.00252798440691280
-0.00424669194143909
-0.00614861829992658
-0.00801967712186377
-0.00961624417579738
-0.0106751262437836
-0.0109245976211518
-0.0100961667176387
-0.00793670890757994
-0.00422058515507987
0.00123864045403352
0.00857726705042711
0.0178716753934619
0.0291300417718161
0.0422858563246812
0.0571935113101916
0.0736261735183254
0.0912760969785768
0.109757468734122
0.128611813277543
0.147315911913942
0.165292123554314
0.181920924997185
0.196555423372531
0.208537532791254
0.217215452966764
0.221962041122285
0.222193631171426
0.217388827062827
0.207106781186548
0.191004464472209
0.168852442618837
0.140548692854027
0.106130027508620
0.0657807340096334
0.0198380948575135
-0.0312054852809012
-0.0867039463537579
-0.145862755883442
-0.207747846603984
-0.271298260197510
-0.335342360144577
-0.398617388987187
-0.459792060314532
-0.517491795533169
-0.570326141918012
-0.616917843384443
-0.655932980543717
-0.686111553372863
-0.706297849481587
-0.715469924461821
-0.712767518837999
-0.697517749065324
-0.669257937891815
-0.627754991921728
-0.573020790777568
-0.505323121921146
-0.425191776721626
-0.333419515230603
-0.231057707567755
-0.119406566845508
2.32806687965315e-15
0.125414783552925
0.254902652238774
0.386370557839369
0.517601696930369
0.646293260914543
0.770097118916466
0.886662701091245
0.993681286713270
1.08893085332571
1.17032061152804
1.23593433561524
1.28407160386281
1.31328608401955
1.32242003938584
1.31063428820644
1.27743292310456
1.22268218668426
1.14662300264676
1.04987677691574
0.933444208182715
0.798696979576685
0.647362340256582
0.481500724914345
0.303476697678493
0.115923641918433
-0.0782972537973225
-0.276143043510968
-0.474439327000301
-0.669933935155958
-0.859353045767609
-1.03945871668905
-1.20710678118655
-1.35930402819038
-1.49326358882912
-1.60645747028478
-1.69666521849765
-1.76201775198663
-1.80103548903781
-1.81265998836020
-1.79627843725215
-1.75174044927213
-1.67936677296934
-1.57994966176529
-1.45474480974690
-1.30545491595580
-1.13420509767467
-0.943510528134885
-0.736236822958364
-0.515553839556337
-0.284883681860288
-0.0478438165917990
0.191813695504045
0.430265771406160
0.663683540066800
0.888298061688070
1.10046533979542
1.29672944173176
1.47388257358806
1.62902100800324
1.75959583675528
1.86345761326256
1.93889406126227
1.98466015291720
2
1.98466015291720
1.93889406126226
1.86345761326257
1.75959583675528
1.62902100800324
1.47388257358806
1.29672944173175
1.10046533979543
0.888298061688069
0.663683540066799
0.430265771406160
0.191813695504030
-0.0478438165917861
-0.284883681860289
-0.515553839556339
-0.736236822958365
-0.943510528134897
-1.13420509767467
-1.30545491595580
-1.45474480974690
-1.57994966176529
-1.67936677296935
-1.75174044927213
-1.79627843725215
-1.81265998836019
-1.80103548903781
-1.76201775198663
-1.69666521849765
-1.60645747028478
-1.49326358882912
-1.35930402819038
-1.20710678118655
-1.03945871668905
-0.859353045767609
-0.669933935155958
-0.474439327000300
-0.276143043510967
-0.0782972537973218
0.115923641918433
0.303476697678494
0.481500724914346
0.647362340256582
0.798696979576677
0.933444208182715
1.04987677691574
1.14662300264676
1.22268218668426
1.27743292310456
1.31063428820644
1.32242003938584
1.31328608401955
1.28407160386281
1.23593433561524
1.17032061152804
1.08893085332571
0.993681286713271
0.886662701091239
0.770097118916473
0.646293260914543
0.517601696930369
0.386370557839372
0.254902652238770
0.125414783552928
-1.71574348007947e-15
-0.119406566845509
-0.231057707567752
-0.333419515230610
-0.425191776721624
-0.505323121921144
-0.573020790777570
-0.627754991921727
-0.669257937891818
-0.697517749065324
-0.712767518838000
-0.715469924461821
-0.706297849481588
-0.686111553372862
-0.655932980543720
-0.616917843384444
-0.570326141918013
-0.517491795533170
-0.459792060314529
-0.398617388987189
-0.335342360144577
-0.271298260197509
-0.207747846603984
-0.145862755883439
-0.0867039463537593
-0.0312054852809011
0.0198380948575152
0.0657807340096336
0.106130027508620
0.140548692854027
0.168852442618838
0.191004464472210
0.207106781186548
0.217388827062827
0.222193631171427
0.221962041122285
0.217215452966764
0.208537532791255
0.196555423372531
0.181920924997186
0.165292123554313
0.147315911913943
0.128611813277544
0.109757468734122
0.0912760969785775
0.0736261735183258
0.0571935113101920
0.0422858563246810
0.0291300417718157
0.0178716753934626
0.00857726705042709
0.00123864045403351
-0.00422058515508003
-0.00793670890758013
-0.0100961667176386
-0.0109245976211520
-0.0106751262437835
-0.00961624417579757
-0.00801967712186372
-0.00614861829992673
-0.00424669194143900
-0.00252798440691290
-0.00116844512682432
-0.000298916280221039
0
-0.000298916280221039
-0.00116844512682432
-0.00252798440691280
-0.00424669194143908
-0.00614861829992649
-0.00801967712186365
-0.00961624417579742
-0.0106751262437837
-0.0109245976211518
-0.0100961667176386
-0.00793670890758011
-0.00422058515507978
0.00123864045403346
0.00857726705042743
0.0178716753934618
0.0291300417718158
0.0422858563246813
0.0571935113101917
0.0736261735183261
0.0912760969785766
0.109757468734121
0.128611813277544
0.147315911913942
0.165292123554314
0.181920924997185
0.196555423372531
0.208537532791254
0.217215452966765
0.221962041122285
0.222193631171425
0.217388827062827
0.207106781186548
0.191004464472208
0.168852442618837
0.140548692854026
0.106130027508620
0.0657807340096338
0.0198380948575126
-0.0312054852809007
-0.0867039463537555
-0.145862755883442
-0.207747846603984
-0.271298260197512
-0.335342360144576
-0.398617388987184
-0.459792060314531
-0.517491795533169
-0.570326141918013
-0.616917843384443
-0.655932980543716
-0.686111553372863
-0.706297849481587
-0.715469924461820
-0.712767518837999
-0.697517749065326
-0.669257937891815
-0.627754991921727
-0.573020790777565
-0.505323121921145
-0.425191776721629
-0.333419515230604
-0.231057707567753
-0.119406566845509
4.65613375930629e-15
0.125414783552920
0.254902652238777
0.386370557839372
0.517601696930368
0.646293260914548
0.770097118916465
0.886662701091239
0.993681286713274
1.08893085332571
1.17032061152804
1.23593433561524
1.28407160386280
1.31328608401954
1.32242003938584
1.31063428820644
1.27743292310456
1.22268218668425
1.14662300264676
1.04987677691575
0.933444208182716
0.798696979576686
0.647362340256583
0.481500724914347
0.303476697678484
0.115923641918423
-0.0782972537973092
-0.276143043510977
-0.474439327000310
-0.669933935155957
-0.859353045767607
-1.03945871668904
-1.20710678118654
-1.35930402819038
-1.49326358882911
-1.60645747028478
-1.69666521849765
-1.76201775198662
-1.80103548903781
-1.81265998836019
-1.79627843725215
-1.75174044927213
-1.67936677296934
-1.57994966176529
-1.45474480974690
-1.30545491595580
-1.13420509767468
-0.943510528134899
-0.736236822958353
-0.515553839556326
-0.284883681860290
-0.0478438165917875
0.191813695504042
0.430265771406158
0.663683540066798
0.888298061688080
1.10046533979541
1.29672944173175
1.47388257358806
1.62902100800325
1.75959583675527
1.86345761326257
1.93889406126226
1.98466015291720
2
1.98466015291720
1.93889406126227
1.86345761326257
1.75959583675528
1.62902100800323
1.47388257358805
1.29672944173177
1.10046533979542
0.888298061688059
0.663683540066801
0.430265771406162
0.191813695504046
-0.0478438165917838
-0.284883681860287
-0.515553839556349
-0.736236822958375
-0.943510528134872
-1.13420509767468
-1.30545491595581
-1.45474480974690
-1.57994966176529
-1.67936677296934
-1.75174044927213
-1.79627843725215
-1.81265998836020
-1.80103548903781
-1.76201775198663
-1.69666521849765
-1.60645747028477
-1.49326358882912
-1.35930402819038
-1.20710678118655
-1.03945871668905
-0.859353045767610
-0.669933935155960
-0.474439327000291
-0.276143043510980
-0.0782972537973351
0.115923641918443
0.303476697678503
0.481500724914344
0.647362340256581
0.798696979576685
0.933444208182714
1.04987677691574
1.14662300264677
1.22268218668425
1.27743292310456
1.31063428820644
1.32242003938584
1.31328608401955
1.28407160386281
1.23593433561524
1.17032061152804
1.08893085332571
0.993681286713267
0.886662701091246
0.770097118916473
0.646293260914538
0.517601696930363
0.386370557839366
0.254902652238772
0.125414783552923
-4.91096680932118e-16
-0.119406566845508
-0.231057707567751
-0.333419515230603
-0.425191776721634
-0.505323121921143
-0.573020790777566
-0.627754991921730
-0.669257937891813
-0.697517749065325
-0.712767518838002
-0.715469924461823
-0.706297849481589
-0.686111553372866
-0.655932980543717
-0.616917843384445
-0.570326141918016
-0.517491795533167
-0.459792060314535
-0.398617388987185
-0.335342360144575
-0.271298260197517
-0.207747846603985
-0.145862755883443
-0.0867039463537534
-0.0312054852809015
0.0198380948575119
0.0657807340096357
0.106130027508618
0.140548692854028
0.168852442618839
0.191004464472207
0.207106781186548
0.217388827062827
0.222193631171426
0.221962041122284
0.217215452966766
0.208537532791255
0.196555423372532
0.181920924997185
0.165292123554313
0.147315911913943
0.128611813277543
0.109757468734122
0.0912760969785761
0.0736261735183260
0.0571935113101926
0.0422858563246806
0.0291300417718166
0.0178716753934614
0.00857726705042669
0.00123864045403393
-0.00422058515508003
-0.00793670890758021
-0.0100961667176386
-0.0109245976211520
-0.0106751262437837
-0.00961624417579749
-0.00801967712186374
-0.00614861829992643
-0.00424669194143921
-0.00252798440691300
-0.00116844512682432
-0.000298916280221149
0
-0.000298916280221039
-0.00116844512682432
-0.00252798440691290
-0.00424669194143881
-0.00614861829992653
-0.00801967712186365
-0.00961624417579723
-0.0106751262437836
-0.0109245976211521
-0.0100961667176387
-0.00793670890757997
-0.00422058515507974
0.00123864045403340
0.00857726705042685
0.0178716753934628
0.0291300417718156
0.0422858563246806
0.0571935113101926
0.0736261735183237
0.0912760969785770
0.109757468734122
0.128611813277542
0.147315911913942
0.165292123554313
0.181920924997187
0.196555423372532
0.208537532791252
0.217215452966763
0.221962041122285
0.222193631171425
0.217388827062826
0.207106781186549
0.191004464472209
0.168852442618838
0.140548692854022
0.106130027508621
0.0657807340096340
0.0198380948575102
-0.0312054852808971
-0.0867039463537617
-0.145862755883445
-0.207747846603980
-0.271298260197510
-0.335342360144574
-0.398617388987193
-0.459792060314530
-0.517491795533167
-0.570326141918016
-0.616917843384442
-0.655932980543721
-0.686111553372861
-0.706297849481585
-0.715469924461820
-0.712767518837998
-0.697517749065325
-0.669257937891816
-0.627754991921727
-0.573020790777571
-0.505323121921149
-0.425191776721620
-0.333419515230599
-0.231057707567760
-0.119406566845504
3.43148696015894e-15
0.125414783552927
0.254902652238776
0.386370557839369
0.517601696930366
0.646293260914539
0.770097118916477
0.886662701091238
0.993681286713268
1.08893085332571
1.17032061152804
1.23593433561524
1.28407160386280
1.31328608401954
1.32242003938584
1.31063428820644
1.27743292310456
1.22268218668426
1.14662300264676
1.04987677691574
0.933444208182724
0.798696979576679
0.647362340256575
0.481500724914358
0.303476697678497
0.115923641918436
-0.0782972537973414
-0.276143043510964
-0.474439327000296
-0.669933935155965
-0.859353045767595
-1.03945871668905
-1.20710678118655
-1.35930402819037
-1.49326358882912
-1.60645747028477
-1.69666521849766
-1.76201775198663
-1.80103548903781
-1.81265998836019
-1.79627843725215
-1.75174044927213
-1.67936677296934
-1.57994966176530
-1.45474480974689
-1.30545491595581
-1.13420509767465
-0.943510528134889
-0.736236822958368
-0.515553839556316
-0.284883681860306
-0.0478438165917761
0.191813695504054
0.430265771406142
0.663683540066809
0.888298061688066
1.10046533979542
1.29672944173176
1.47388257358805
1.62902100800324
1.75959583675527
1.86345761326257
1.93889406126227
1.98466015291720
2
1.98466015291720
1.93889406126226
1.86345761326256
1.75959583675527
1.62902100800324
1.47388257358806
1.29672944173174
1.10046533979543
0.888298061688074
0.663683540066791
0.430265771406178
0.191813695504035
-0.0478438165917952
-0.284883681860271
-0.515553839556334
-0.736236822958360
-0.943510528134905
-1.13420509767467
-1.30545491595580
-1.45474480974691
-1.57994966176528
-1.67936677296935
-1.75174044927213
-1.79627843725214
-1.81265998836019
-1.80103548903782
-1.76201775198662
-1.69666521849766
-1.60645747028478
-1.49326358882911
-1.35930402819039
-1.20710678118654
-1.03945871668904
-0.859353045767623
-0.669933935155951
-0.474439327000305
-0.276143043510948
-0.0782972537973257
0.115923641918430
0.303476697678512
0.481500724914332
0.647362340256589
0.798696979576692
0.933444208182706
1.04987677691575
1.14662300264676
1.22268218668426
1.27743292310456
1.31063428820644
1.32242003938585
1.31328608401955
1.28407160386280
1.23593433561524
1.17032061152805
1.08893085332570
0.993681286713273
0.886662701091242
0.770097118916470
0.646293260914546
0.517601696930371
0.386370557839375
0.254902652238765
0.125414783552916
7.83897747581624e-15
-0.119406566845513
-0.231057707567757
-0.333419515230608
-0.425191776721628
-0.505323121921149
-0.573020790777567
-0.627754991921726
-0.669257937891819
-0.697517749065325
-0.712767518838001
-0.715469924461823
-0.706297849481589
-0.686111553372862
-0.655932980543718
-0.616917843384446
-0.570326141918012
-0.517491795533172
-0.459792060314528
-0.398617388987190
-0.335342360144579
-0.271298260197507
-0.207747846603989
-0.145862755883440
-0.0867039463537571
-0.0312054852809052
0.0198380948575142
0.0657807340096330
0.106130027508624
0.140548692854026
0.168852442618837
0.191004464472211
0.207106781186546
0.217388827062828
0.222193631171427
0.221962041122286
0.217215452966765
0.208537532791255
0.196555423372531
0.181920924997186
0.165292123554314
0.147315911913942
0.128611813277545
0.109757468734122
0.0912760969785768
0.0736261735183267
0.0571935113101913
0.0422858563246813
0.0291300417718147
0.0178716753934623
0.00857726705042735
0.00123864045403291
-0.00422058515507969
-0.00793670890758022
-0.0100961667176388
-0.0109245976211518
-0.0106751262437835
-0.00961624417579776
-0.00801967712186379
-0.00614861829992675
-0.00424669194143919
-0.00252798440691280
-0.00116844512682432
-0.000298916280221039
0
-0.000298916280220929
-0.00116844512682432
-0.00252798440691269
-0.00424669194143909
-0.00614861829992657
-0.00801967712186353
-0.00961624417579760
-0.0106751262437833
-0.0109245976211516
-0.0100961667176386
-0.00793670890758005
-0.00422058515507957
0.00123864045403298
0.00857726705042736
0.0178716753934622
0.0291300417718145
0.0422858563246810
0.0571935113101910
0.0736261735183263
0.0912760969785763
0.109757468734121
0.128611813277545
0.147315911913941
0.165292123554313
0.181920924997185
0.196555423372530
0.208537532791254
0.217215452966764
0.221962041122285
0.222193631171426
0.217388827062827
0.207106781186545
0.191004464472210
0.168852442618836
0.140548692854025
0.106130027508623
0.0657807340096322
0.0198380948575136
-0.0312054852809058
-0.0867039463537574
-0.145862755883440
-0.207747846603989
-0.271298260197506
-0.335342360144578
-0.398617388987190
-0.459792060314527
-0.517491795533171
-0.570326141918011
-0.616917843384445
-0.655932980543717
-0.686111553372861
-0.706297849481587
-0.715469924461821
-0.712767518837999
-0.697517749065323
-0.669257937891817
-0.627754991921724
-0.573020790777565
-0.505323121921146
-0.425191776721626
-0.333419515230606
-0.231057707567755
-0.119406566845512
